2.719819819819819726e-02,3.984684684684684786e-02,3.492792792792792644e-02,2.281981981981982127e-02,2.106306306306305817e-02,4.281981981981982516e-02,1.344144144144144258e-02,7.090090090090090183e-03,2.260360360360360449e-02,3.184684684684684075e-02,1.434954954954955064e-01,2.465765765765765699e-02,1.773873873873873727e-02,4.384684684684685141e-02,1.152252252252252383e-02,2.938738738738738698e-02,3.125225225225224113e-02,7.838738738738738887e-02,3.998198198198198161e-02,9.733333333333331339e-02,6.630630630630629518e-03,4.819819819819819162e-03,2.746846846846846477e-02,3.871171171171171321e-02,3.838738738738738804e-02,3.017117117117117456e-02,1.744144144144144093e-02,1.398198198198198280e-02,1.936036036036035968e-02,2.176576576576576619e-02
4.602853611953712509e-02,6.375688124929781986e-02,2.897427255364565940e-02,5.482530052803055026e-02,7.673295135378047430e-03,4.031569486574542588e-02,1.320076395910571923e-02,9.543871475115154462e-03,2.305920683069317967e-02,2.749129311313335683e-02,1.616840804403999743e-01,3.023817548590045784e-02,8.650713402988428197e-03,4.011347039658465230e-02,1.030221323446803804e-02,3.608583305246601536e-02,3.082799685428603415e-02,5.303898438377709773e-02,4.896079092236826913e-02,7.634535445455566116e-02,2.516571171778451618e-02,1.087518256375688032e-02,1.084147848556342095e-02,3.593416470059544038e-02,3.895067969891023718e-02,1.036962139085496025e-02,8.162004269183238681e-03,1.588023817548590150e-02,1.675654420851589374e-02,1.594764633187282371e-02
5.023447219829648563e-02,1.493444348741506181e-02,7.817015982390659867e-02,4.271222126519284151e-02,2.489711934156378648e-02,4.717676332663412603e-02,1.130251698727150790e-02,1.266628385491434458e-02,1.949947363384055971e-02,2.634701885347879788e-02,1.357354770791462939e-01,2.407885922097808412e-02,1.029763613742941744e-02,2.973490286151785414e-02,8.029476504928700215e-03,3.402717963441477533e-02,3.672600248827639219e-02,6.255144032921809705e-02,5.092353335247391810e-02,3.353909465020575575e-02,4.624365968035218377e-02,1.049861230739783727e-02,2.990716815006220705e-02,2.439467891664274385e-02,4.393243372571537658e-02,2.216958560627811659e-02,1.146042683510383603e-02,3.085462723705617583e-02,1.773375442626088511e-02,9.220978084027178778e-03
2.070039283318961254e-02,3.929769090734885895e-02,6.102807320111142131e-02,3.889527642042732436e-02,2.182140461818530414e-02,1.993867969723100986e-02,1.345693206860209060e-02,6.385934655552360888e-03,4.172654977483951366e-02,2.208009964549200246e-02,1.472022611861646124e-01,5.773689757593177679e-02,1.555523617897863406e-02,3.385072338794672953e-02,1.600076650378461128e-03,6.371562709590877782e-02,3.640892976909073514e-02,6.628820542301427921e-02,3.022899300565297029e-02,1.253712752706716282e-02,6.671936380185876370e-02,1.683433936955063687e-02,1.807032672223819053e-02,2.400594040433074589e-02,4.921433362077225204e-02,2.693781738047331537e-02,7.276995305164320541e-03,1.235029222956788089e-02,1.420427325859921486e-02,1.393120628533103464e-02
4.236458027230874390e-02,3.905867371926731446e-02,2.571750416299343686e-02,1.051033401900284062e-02,4.765403075717503968e-03,5.761582917033990225e-02,1.327260260554412839e-02,1.171515329611127511e-02,1.336076011362523006e-02,2.633460671956117799e-02,1.973307865608776579e-01,4.343716328729551462e-02,7.806837104515620615e-03,3.751591732784798072e-02,6.249387795082769932e-03,6.042217651092172959e-02,4.273190322264668051e-02,4.149769810951120519e-02,4.738955823293173469e-02,9.070428053678126351e-03,1.025320795376628569e-01,1.215594083651680077e-02,1.582917033989616334e-02,1.168576746008423949e-02,3.468018415123910736e-02,2.039866784210011066e-02,1.715153296111274206e-02,1.790087177980213481e-02,1.203839749240865828e-02,1.746008423939661089e-02
6.038414845646895845e-02,1.759018383628165386e-02,6.018903919528269947e-02,9.915886229621920928e-03,1.107353451266042225e-02,2.863336801942421503e-02,1.038414845646895568e-02,3.971557405480401551e-03,1.811047519944502388e-02,2.621401318071453490e-02,1.528139091224418877e-01,2.220776968435657361e-02,2.884148456468956304e-02,2.553763440860215561e-02,1.666666666666666990e-02,6.405220256677073010e-02,2.877644814429414222e-02,6.242629205688519922e-02,6.673170308706209697e-02,1.096947624002774999e-02,5.509018383628164900e-02,3.319892473118279258e-02,2.246791536593826383e-02,1.177592785293097438e-02,5.148716614637530858e-02,3.111775927852931251e-02,9.343565730142212172e-03,1.985345126604231777e-02,1.749913284772806193e-02,2.267603191120361183e-02
4.666104711061160037e-02,3.136180575067902543e-02,8.543598389060598486e-02,2.850988105273016826e-02,2.190690268802097940e-02,4.858574505947362010e-02,1.405357310105835068e-02,7.942305891167931314e-03,3.546408167088133806e-02,2.433736068183946916e-02,1.426009178608223515e-01,2.553151634354219185e-02,4.697012269364053694e-02,2.074084480659361268e-02,3.786644188442445796e-02,2.997096562704880049e-02,3.573101058349722331e-02,5.690268802097967621e-02,3.542193500046829369e-02,7.829914770066500468e-03,2.179451156691954855e-02,2.346632949330336448e-02,1.429240423339889557e-02,8.181137023508474465e-03,5.941743935562423390e-02,2.650088976304205285e-02,5.301114545284256116e-03,2.680996534607099635e-02,1.864756017607942587e-02,1.176360400861665295e-02
3.483173310057220695e-02,3.747939094171272995e-02,3.795946077005139807e-02,1.130831151197750004e-02,7.627776161381050191e-03,4.763359518960333383e-02,2.384831733100572365e-02,1.095916981864028701e-02,3.039472408107846829e-02,2.896906216661817093e-02,1.341625448550092248e-01,2.541945495102318486e-02,4.497138977790708647e-02,2.991465425273980364e-02,9.011250121229755217e-02,4.556784017069149401e-02,3.762486664726989727e-02,5.342352827077877231e-02,4.661526525070312788e-02,7.220444185820967462e-03,7.816894578605371527e-03,1.347589952477936184e-02,2.304820095044127909e-02,1.407234991756376764e-02,5.419454951023178202e-02,2.566676365047037070e-02,1.577441567258267702e-02,3.631558529725535667e-02,1.573077296091552474e-02,7.860537290272523805e-03
6.277753903452226725e-02,3.228763787423005044e-02,2.347801174616816894e-02,5.396791290646039095e-03,7.309124767225326849e-03,5.242085661080074510e-02,1.939550207706632404e-02,2.113594040968342497e-02,1.046769803753043980e-02,2.416559232201690235e-02,1.571694599627560529e-01,2.607792579859619098e-02,3.908823950723392532e-02,3.335123907749605598e-02,7.533662799025929446e-02,4.727474573843289118e-02,4.808050422575561866e-02,4.165592322016902632e-02,4.658716516258416124e-02,1.139163443632717349e-02,5.611660220598768505e-03,1.270233490903882080e-02,3.035381750465548922e-02,2.814066752614238082e-02,3.750895287208135670e-02,1.340065893138518704e-02,2.359618965764216994e-02,4.006589313851884049e-02,1.094040968342644381e-02,1.283125626701045810e-02
7.534920927942895252e-02,2.894898775459971499e-02,3.278875146144851621e-02,2.002338317641991217e-02,1.370992554304350554e-02,4.233277952126022342e-02,1.441142083564088752e-02,8.024121592517382759e-03,1.090394437265398975e-02,3.267798904682788635e-02,1.587994584948618781e-01,3.653621315611346038e-02,2.493385022460156003e-02,3.376715279059750580e-02,6.910036305458125416e-02,4.606178081348840520e-02,4.187126946034090691e-02,3.787459233277952475e-02,4.344040366746661913e-02,1.228847455541197571e-02,3.122884745554119993e-03,1.398683157959509926e-02,2.778598240108300435e-02,1.322995507968740755e-02,4.528644391114392681e-02,3.109962463848378600e-02,1.721740200603039811e-02,3.977601378376715430e-02,1.313765306750354009e-02,1.151313765306750600e-02
4.307656581740976209e-02,4.417131104033970163e-02,3.098460721868364492e-02,3.598062632696390206e-02,8.114384288747344270e-03,3.673699575371549425e-02,1.394639065817409804e-02,1.994758492569002201e-02,1.670315817409766257e-02,1.995753715498938333e-02,1.693106422505307740e-01,2.759089702760084833e-02,1.210522823779193284e-02,2.999933651804671114e-02,4.152401804670912550e-02,5.272027600849257117e-02,3.194002123142250515e-02,5.432258492569001784e-02,6.761876326963905948e-02,4.247943205944798573e-02,7.955148619957537123e-03,1.468285562632696759e-02,1.296111995753715385e-02,1.839503715498938194e-02,4.483811040339701764e-02,2.641653397027600783e-02,1.878317409766454976e-02,2.010682059447983089e-02,2.094280785562632405e-02,1.568803078556263442e-02
3.908738401883395108e-02,3.285556017172137910e-02,2.065157180445921850e-02,1.666320454230716189e-02,9.693948206619579927e-03,2.860753358260628709e-02,1.513640769976457544e-02,1.395236116881318558e-02,1.645547708073673634e-02,2.594862207450491717e-02,1.544280570558094201e-01,2.051654895443844398e-02,3.382149286802382110e-02,3.540022157595899832e-02,2.643678160919540887e-02,3.936781609195402071e-02,2.851405622489959837e-02,5.173798642847251411e-02,6.919747957346628064e-02,6.760836449245258284e-02,3.534828971056640321e-03,6.931172967733001573e-03,1.933250242348705239e-02,5.166528181692285615e-02,3.349951530258966914e-02,3.678160919540229140e-02,1.180238194155934159e-02,5.118750865531089544e-02,2.270807367400637378e-02,1.647624982689378098e-02
3.263560460092251869e-02,4.245343609505459331e-02,1.809715653646289807e-02,1.357797629473929922e-02,2.693408069130612953e-02,2.789747182810766585e-02,1.854381969988906642e-02,1.246569743679570158e-02,1.717755590587960804e-02,2.597068955450458974e-02,1.755765749985403468e-01,2.739826005721959779e-02,3.819699889064050169e-02,4.510714077188066051e-02,4.758568342383371133e-03,4.328545571320137342e-02,3.842470952297541431e-02,5.348864366205406673e-02,6.358673439598294674e-02,8.279325042330822060e-02,3.532434168272319350e-03,4.478309102586559669e-03,1.521574122730192692e-02,3.132188941437495655e-02,2.356221171250073160e-02,2.228352893092777273e-02,1.446254452034799118e-02,2.405266538214515318e-02,2.109242716179132379e-02,3.162842295790272568e-02
3.519535441519913016e-02,4.535441519914157338e-02,1.488670075112036827e-02,2.528245913021523461e-02,8.353847124913211034e-03,3.922868143659660051e-02,9.783500599633907294e-03,1.135517263144606229e-02,1.576721580508742143e-02,2.516884428454206971e-02,1.662406109953922795e-01,3.276210313703213639e-02,2.851101432809442435e-02,2.550022091775547978e-02,4.803383197626712349e-03,4.408571608912453116e-02,3.094426560626143893e-02,4.034589408571608027e-02,8.885943318815882341e-02,8.345326011487723405e-02,1.069241936501925082e-02,9.395316543583916505e-03,9.906583349113172454e-03,4.519346083443791934e-02,4.336615539986112683e-02,2.549075301394937432e-02,7.634286435649813643e-03,2.466704538281890707e-02,2.473332070946158978e-02,2.303856592817016963e-02
4.007673419275629284e-02,2.138428483732351254e-02,1.583179864947820842e-02,1.617249846531614715e-02,1.120933087783916246e-02,3.140270104358501568e-02,1.506752608962553738e-02,5.187231430325352222e-03,1.966236955187231766e-02,2.314303253529772716e-02,1.427010435850215031e-01,3.502148557397175010e-02,2.786678944137507830e-02,2.927562922038060012e-02,3.980969920196439880e-03,5.893492940454268109e-02,2.815224063842848221e-02,3.562001227747083748e-02,6.007673419275629673e-02,6.369551872314305196e-02,5.438612645794967115e-02,1.026089625537139269e-02,2.943216697360343664e-02,8.222222222222222432e-02,2.515039901780232595e-02,3.137507673419275001e-02,1.196439533456108116e-02,5.369551872314304308e-02,1.381522406384285209e-02,3.235113566605279153e-03
2.258886946386946121e-02,3.176719114219114098e-02,3.477199883449883649e-02,7.073135198135196977e-03,1.248178904428904300e-02,3.384324009324009286e-02,2.028336247086246977e-02,2.882794289044288832e-02,2.139787296037296352e-02,3.048878205128205399e-02,1.285766317016316940e-01,3.405084498834498596e-02,7.789918414918414746e-02,2.700320512820513288e-02,2.615093240093240186e-03,5.224358974358974533e-02,1.850233100233100378e-02,5.235285547785548804e-02,3.638913170163170230e-02,1.318108974358974360e-02,9.324009324009324695e-02,6.308275058275057863e-03,2.911203379953379924e-02,5.524839743589743390e-02,3.086028554778554381e-02,3.231351981351981290e-02,2.005390442890442673e-02,2.285110722610722567e-02,1.787951631701631752e-02,5.794726107226106510e-03
2.294616430685545230e-02,7.479401647868171021e-02,4.194064474842011669e-02,1.518278537716982735e-02,4.779617630589552690e-03,4.248060155187585035e-02,1.886649068074554292e-02,2.850171986241100547e-02,2.005439564834813476e-02,2.382209423246140628e-02,1.384609231261498818e-01,3.837692984561234810e-02,5.537956963442924874e-02,2.251419886409087440e-02,5.427565794736421284e-03,4.244460443164545932e-02,2.863370930325574368e-02,3.298936085113191030e-02,4.005679545636349481e-02,1.754659627229821633e-02,9.471242300615950738e-02,1.016718662506999223e-02,1.976641868650508282e-02,6.646668266538677261e-02,2.503399728021758405e-02,1.512279017678585559e-02,6.279497640188785867e-03,1.475081993440524597e-02,2.275417966562675101e-02,9.747220222382210753e-03
5.674119241192413649e-02,2.681233062330623529e-02,5.402777777777778567e-02,1.591802168021680050e-02,1.103997289972899823e-02,5.198509485094850863e-02,1.725948509485095150e-02,2.062330623306233429e-02,1.609078590785907939e-02,2.552168021680216795e-02,1.012737127371273749e-01,3.763550135501354810e-02,3.264566395663955761e-02,1.168021680216802145e-02,8.651761517615175548e-03,6.385501355013549485e-02,3.060298102981030138e-02,2.216802168021680258e-02,3.386517615176151685e-02,4.464769647696475822e-03,9.255420054200542979e-02,1.110094850948509411e-02,3.178184281842819092e-02,1.029708672086720733e-01,2.816395663956640025e-02,2.032859078590786017e-02,1.855013550135501538e-02,3.950542005420053238e-02,5.724932249322493491e-03,6.456639566395664005e-03
3.862567204301074753e-02,4.807627688172042002e-02,2.654149865591397955e-02,2.322748655913978513e-02,1.547799059139784786e-02,5.772849462365590989e-02,2.106014784946236632e-02,1.397849462365591267e-02,2.408434139784946387e-02,2.170278897849462624e-02,1.394699260752687853e-01,1.673807123655913706e-02,4.272093413978494264e-02,2.073252688172043390e-02,7.181619623655914608e-02,6.538978494623656768e-02,2.443716397849462346e-02,2.167758736559139560e-02,4.285954301075269035e-02,4.351478494623655172e-03,2.363071236559140254e-02,4.704301075268817363e-03,1.825016801075269104e-02,7.097194220430108613e-02,3.789482526881719771e-02,2.547043010752688200e-02,2.497899865591397817e-02,2.226982526881720464e-02,1.687668010752688130e-02,1.425571236559139768e-02
2.879996568879739788e-02,6.679533367644535646e-02,2.631669240006862670e-02,1.245925544690341426e-02,9.268313604391831967e-03,4.259306913707325282e-02,2.165894664607994832e-02,3.642991936867386732e-02,2.114427860696517850e-02,2.191628066563733324e-02,1.182364041859667314e-01,3.061417052667696551e-02,2.851689826728426996e-02,2.400068622405215207e-02,1.013552925030022367e-01,5.831617773202950328e-02,5.221736146851946314e-02,1.728426831360439092e-02,6.108251844227140237e-02,7.132441242065534932e-03,7.376908560645050079e-03,9.731514839595127933e-03,1.732286841653800022e-02,7.891576599759822508e-02,1.772173614685194909e-02,2.218648138617259138e-02,8.496311545719675493e-03,1.999914221993481095e-02,2.216074798421684838e-02,9.950248756218903548e-03
4.101292786837079651e-02,8.608785074188335038e-03,3.187894814161892215e-02,2.435360658146026175e-02,6.702659027471721646e-03,4.819670926986925619e-02,1.853606581460261540e-02,2.289922138974585103e-02,1.880049948582341451e-02,2.184148670486264071e-02,1.023835757308652755e-01,1.660790362861760266e-02,4.479212575290143078e-02,1.737916850301160845e-02,8.782870574408697950e-02,4.111209049507859314e-02,3.831350080799177105e-02,2.316365506096665361e-02,5.057661231085647247e-02,6.228882033201116157e-03,6.647568679300719374e-03,1.830468635228441054e-02,3.327824298516232626e-02,1.220067577493756106e-01,3.561407374761275946e-02,2.922359335977669365e-02,1.672910239459380125e-02,5.098428088732187557e-02,9.908917291023944252e-03,6.085647127956515627e-03
3.422328168454509545e-02,4.697655939610647507e-02,1.480731029002781488e-02,1.671434247119587407e-02,1.075486690504568951e-02,4.531982518871673082e-02,2.073102900278109284e-02,1.845450933651172562e-02,2.764402065951530180e-02,2.354390147000397920e-02,1.193126738180373403e-01,2.843067143424712201e-02,1.740564163686929636e-02,2.288835915772745658e-02,1.127691696464044463e-01,4.735796583234008761e-02,3.555820421136272891e-02,2.927691696464044743e-02,5.217322208978943110e-02,1.791815653555820995e-02,4.831148192292413282e-03,3.484306714342470974e-03,1.243543901470003932e-02,1.107071911005164944e-01,2.682161303138657499e-02,2.318633293603496875e-02,2.007548669050457021e-02,2.570123162495034294e-02,2.540325784664283423e-02,5.093365117203018863e-03
2.467078189300411437e-02,5.490534979423868783e-02,1.941152263374485570e-02,4.227572016460905135e-02,6.732510288065843458e-03,4.388065843621398454e-02,2.141152263374485748e-02,2.110288065843621969e-02,2.326337448559670854e-02,2.016460905349794219e-02,1.405843621399177068e-01,1.760905349794238475e-02,1.997942386831275466e-02,2.781893004115226775e-02,8.780658436213992224e-02,3.928806584362139198e-02,1.978189300411522730e-02,2.249794238683127529e-02,6.316460905349793875e-02,5.213991769547324934e-02,3.485596707818930298e-03,1.041152263374485465e-02,1.481893004115226488e-02,7.393004115226339823e-02,2.367078189300411695e-02,2.451028806584362382e-02,1.415226337448559357e-02,2.788065843621399115e-02,2.663374485596708280e-02,1.201646090534979304e-02
5.631550132957922894e-02,1.747223525731268767e-02,2.189504145158767401e-02,1.903253558579696275e-02,9.600344126388235186e-03,5.529485374628499705e-02,2.033474112310339893e-02,1.139527608321601673e-02,2.769044267167214413e-02,2.866416392929766951e-02,1.339316439856092500e-01,2.212967307993118221e-02,2.028781479743469590e-02,2.406538401376505723e-02,1.696777725637415787e-02,4.373924605036758756e-02,2.007664633192553921e-02,5.700766463319255350e-02,4.466604098232442033e-02,8.933990301892695551e-02,2.385421554825591269e-03,8.427185984670734070e-03,3.185515407476927768e-02,1.012357265759424446e-01,1.807054590958861312e-02,3.428359142812451021e-02,6.796496167683403582e-03,3.973877678711090072e-02,1.024558110433286193e-02,7.054590958861255492e-03
2.348535409714497604e-02,3.869113830181682839e-02,1.926955876900259684e-02,1.146088246199480909e-02,9.992584352984796442e-03,6.468668891360770945e-02,1.955876900259547607e-02,1.407489803485354254e-02,3.416388579903596040e-02,2.582128290693363332e-02,1.168446421950315034e-01,4.250648869113830136e-02,1.755654430849091369e-02,2.282906933629959279e-02,5.454208379681127136e-03,4.631071560993696434e-02,2.415276232851316235e-02,4.585465331850203941e-02,5.213941416388580274e-02,8.711160548757880540e-02,5.854653318502039440e-03,6.332962550982573942e-03,1.162773451983685653e-02,9.852428624397477352e-02,2.605487578791249731e-02,2.306266221727846025e-02,1.645532072673340854e-02,3.569892473118279480e-02,3.420837968112717953e-02,2.021505376344085933e-02
1.649888143176733712e-02,6.022629495783858589e-02,9.993976940285665203e-03,1.262691447255205601e-02,2.598520048184477672e-03,5.840647048700738780e-02,1.492428153501978993e-02,2.820512820512820554e-02,2.863104457064188924e-02,2.009981070383754995e-02,9.072448803992429200e-02,3.461968680089485412e-02,2.031922216485974875e-02,2.265530889691963826e-02,3.282567544312510986e-03,4.925572190672861811e-02,2.300378592324901078e-02,2.382980554121493649e-02,5.604457064188607396e-02,1.034245396661504224e-01,1.262691447255205601e-02,1.435639304766821514e-02,7.270693512304251052e-03,1.381560832903115099e-01,3.463259335742557149e-02,2.857941834451901281e-02,2.114524178282567793e-02,1.764756496300120409e-02,3.057993460678024022e-02,1.563414214420925583e-02
4.278171460330692372e-02,3.419480339030150917e-02,1.864665832985966734e-02,1.336320689176045441e-02,5.891343615395302699e-03,5.248367375295261844e-02,1.711477004307350100e-02,1.166458246491593707e-02,2.556620814228150948e-02,3.168334028067250341e-02,8.978046408225651143e-02,3.673752952619146334e-02,1.767750451577045773e-02,2.075170209809643063e-02,3.869667917187717080e-03,3.792552452410725972e-02,2.998471585382798607e-02,3.130818396554119198e-02,5.033694594970124919e-02,6.851118521606225364e-02,3.838404890926775531e-02,1.360289009309434416e-02,3.406975128525774332e-02,1.125191051827150179e-01,3.353827983882172459e-02,3.494511602056411814e-02,1.208142281506183191e-02,7.331527025149368881e-02,5.432819230234819247e-03,1.837571210226483006e-03
3.276130438166394154e-02,4.071133940384465133e-02,1.808701066230835458e-02,2.014164526422289672e-02,8.420888785119463871e-03,5.382130905128802711e-02,1.958129037279166332e-02,1.526188808467585090e-02,4.737722779982878052e-02,2.141411783018133674e-02,8.419721379095650160e-02,2.911899758736087931e-02,2.415752198614678006e-02,4.639660673982410471e-02,2.875710171997820572e-03,3.955560744026772463e-02,2.997120398474589775e-02,3.035644797260487332e-02,4.003424391003190114e-02,1.269359483228266715e-02,8.259786753832984441e-02,2.630554906996653355e-03,1.682621215658806207e-02,1.198614678185072613e-01,2.910732352712273180e-02,4.706202817339870392e-02,6.903260954159858367e-03,4.065296910265391028e-02,2.603704568448906784e-02,1.138610008560977591e-02
1.652762827412988800e-02,5.954431288123429589e-02,1.343290276282741239e-02,1.235647649802655047e-02,4.242913527090060900e-03,5.756637961966272476e-02,1.533010405453892958e-02,1.380965195550771553e-02,3.192052386078220866e-02,1.701202009329027404e-02,1.154377466810190267e-01,1.838446358091137475e-02,2.792429135270900822e-02,6.017671331180481087e-02,4.565841406530319127e-03,4.860513096519555182e-02,2.306691783279512381e-02,2.937746681019017328e-02,6.324452816648726272e-02,1.202009329027628123e-02,1.011347326874775937e-01,8.467886616433439873e-03,1.234302116971654206e-02,1.131637961966271977e-01,3.255292429135270282e-02,4.092213850017940857e-02,6.584140653031934562e-03,3.220308575529243038e-03,2.488338715464657319e-02,1.218155722999641165e-02
4.953664402942840189e-02,1.992076966610073843e-02,1.854131295981890221e-02,1.009479343520090604e-02,8.089275608375778512e-03,5.204088851160158097e-02,2.033460667798529103e-02,5.659309564233164051e-03,2.971491228070175655e-02,2.460031126202603252e-02,9.424165251839276836e-02,2.369835880022636704e-02,1.736346915676287295e-02,4.051711941143180951e-02,1.566567628749292868e-02,5.143604980192415660e-02,3.585880022637238929e-02,3.021363893604979770e-02,4.849674589700055799e-02,1.003112620260327922e-02,7.557654216185626106e-02,3.140209394453876562e-02,2.654216185625353844e-02,1.048953027730616938e-01,2.314657611771363949e-02,3.962577815506508616e-02,3.940294284097339839e-03,6.282187323146576352e-02,1.335243350311262137e-02,1.264148273910582765e-02
3.047878280290340289e-02,4.134561697375767342e-02,1.015843104410943734e-02,2.299343941931881324e-02,5.552065884980457965e-03,3.272962032384142683e-02,1.704704075935231655e-02,1.128908431044109428e-02,2.899218313791178045e-02,1.607342266890005728e-02,1.183766052484645365e-01,4.070700725851479629e-02,1.850223338916806223e-02,4.228782802903405941e-02,9.667434394193187563e-02,7.385189838079284086e-02,2.489879955332216510e-02,2.677275265214963326e-02,3.655080960357341702e-02,2.463707426018983855e-03,2.308766052484645392e-02,6.483807928531546208e-03,1.186487995533221616e-02,1.152777777777777707e-01,3.301228364042434194e-02,2.576772752652149376e-02,6.483807928531547075e-03,4.312534896705750437e-02,2.656337241764377202e-02,1.058766052484645150e-02
3.611740041928721001e-02,6.412997903563941171e-02,1.492243186582809314e-02,2.533752620545073192e-02,5.853249475890985945e-03,3.363941299790355888e-02,2.228092243186583291e-02,1.087211740041928512e-02,3.031865828092242948e-02,1.966457023060796949e-02,9.843186582809224094e-02,2.073375262054507825e-02,2.350104821802935159e-02,3.499790356394130025e-02,1.305828092243186134e-01,4.375262054507336740e-02,2.828092243186583477e-02,1.888469601677148640e-02,5.054507337526205346e-02,5.337526205450733238e-03,4.104821802935009964e-03,1.937526205450734035e-02,8.142557651991613396e-03,1.441048218029349903e-01,2.280922431865828673e-02,3.594129979035639438e-02,4.167714884696017280e-03,9.576519916142559735e-03,2.172746331236897685e-02,1.186582809224318892e-02
6.164078228357781214e-02,7.585562266321540896e-03,1.020635605406960099e-02,1.428314639056657911e-02,1.416450963474259403e-02,4.520419902214552199e-02,1.924431981593327859e-02,1.127408685648547369e-02,1.278400920333621141e-02,2.719298245614035214e-02,7.105622663215414858e-02,2.106701179177452449e-02,1.790696002300834130e-02,3.158254242162784192e-02,1.113711532930687087e-01,3.639272361230945496e-02,1.557736554501006586e-02,7.374173137762439489e-02,4.563560540696003087e-02,4.598073051481162479e-03,2.883232671843543368e-03,1.541558815070463197e-02,3.819384526890998166e-02,1.284656312913431131e-01,3.152861662352602484e-02,3.862525165372447666e-02,1.062697727926373119e-02,5.788754673569170006e-02,1.212611446649410410e-02,1.173784872016105964e-02
3.190132633726862343e-02,4.016542778020697202e-02,2.147281737356070488e-02,2.644658213088470905e-02,7.349511732983529319e-03,3.243696254190351486e-02,1.277146188602244423e-02,1.130666083661274052e-02,2.910290045182917923e-02,1.864159743477627335e-02,1.056879463635038707e-01,4.845139192537530060e-02,1.312126512170237388e-02,3.624107272992275336e-02,9.805786328523538598e-02,5.984185978720304305e-02,1.698003206529660400e-02,3.770587377933244666e-02,4.100714181606179842e-02,1.327430403731234484e-02,2.845795073604430632e-03,7.174610115143564490e-03,7.830491182043434334e-03,1.491400670456201616e-01,4.095248506048680681e-02,2.533158431715493153e-02,8.289607928873342010e-03,2.724457076227955118e-02,1.696910071418161053e-02,1.225768838361754667e-02
3.333724294315427300e-02,4.153569473766517695e-02,8.941277660489483498e-03,3.664477285166940768e-02,1.188521385565720519e-02,2.665181014934709519e-02,2.339119555868324207e-02,1.169755258425209110e-02,3.723121432481037163e-02,2.035342872781296594e-02,9.962858706701070710e-02,2.049417468136680021e-02,1.262413011181484114e-02,3.519039799827976961e-02,7.669872546719838646e-02,4.847916177965439638e-02,2.637031824223942666e-02,3.988192978340761308e-02,5.217374306044256921e-02,5.754554695441395362e-02,4.636797247634686855e-03,6.877003675033230290e-03,9.691922746109939840e-03,1.429548831026663525e-01,1.668230510595043042e-02,2.558448666823050915e-02,1.719837360231448592e-02,2.625302994761123318e-02,1.662366095863632848e-02,1.274141840644303636e-02
4.579314671057790193e-02,2.439818082019916748e-02,1.578844193523092770e-02,1.050733160824903790e-02,1.151885830784913321e-02,3.164353485454401982e-02,2.166941111895239955e-02,2.783266682349251273e-02,2.884419352309260456e-02,2.829138241982278451e-02,7.730337959695757211e-02,3.133772445699051223e-02,1.328314906296557650e-02,2.358660707284560704e-02,1.735277973810083613e-02,4.669881596487100717e-02,1.058966517682114090e-02,6.275386183643064109e-02,4.111189524033560805e-02,9.171175409707518766e-02,3.803026738806554279e-03,1.909354661648239582e-02,2.381008390182702203e-02,1.448874774562847745e-01,3.627773857131654650e-02,2.586842311612953457e-02,1.253038500744922679e-02,4.653414882772680811e-02,1.354191170704932209e-02,1.163647769152356334e-02
3.513995502830115358e-02,4.096689152516088533e-02,4.981778708226719532e-03,1.226254167635884400e-02,9.587500969217645913e-03,3.537256726370473225e-02,1.720555167868496882e-02,1.530976196014577351e-02,4.306040164379312807e-02,1.701946189036209617e-02,5.284174614251375968e-02,3.311622858028999417e-02,1.943862913855935043e-02,3.879196712413739839e-02,5.005039931767077746e-03,5.671473986198340839e-02,1.657749864309528837e-02,6.316972939443279977e-02,4.295572613786151350e-02,1.204272311390245653e-01,4.830580755214391141e-03,1.186710087617275262e-02,1.268124370008529359e-02,1.687756842676591262e-01,1.843839652632395243e-02,3.028998992013646335e-02,7.959215321392572665e-03,3.017368380243467402e-02,2.029929440955260608e-02,1.473986198340699640e-02
3.205267346791114413e-02,5.443166196367845572e-02,1.287533463569929745e-02,2.555169669343752142e-02,7.155777440127343743e-03,3.820635265176181017e-02,1.457926343969322136e-02,9.879892916576224135e-03,3.964980826278850790e-02,1.549091961507850432e-02,5.977136241950655599e-02,3.824976485058967368e-02,9.782215469213515618e-03,3.606830185948918521e-02,4.409955864264525523e-03,4.466391722740756937e-02,3.514579263439693291e-02,3.396281021633745789e-02,6.240865349829969461e-02,1.028037045076332923e-01,2.017943708848852699e-02,7.459662831922436906e-03,1.541494826712972929e-02,1.575573402792851685e-01,2.873164025757904416e-02,2.719050719918963965e-02,6.157296867086318147e-03,1.117140583170537528e-02,3.001230012300122943e-02,1.898560162072208957e-02
3.965412092699075602e-02,1.282453389092176078e-02,1.597403728872625814e-02,2.591914967764418626e-02,8.995469594005923303e-03,3.024481617006447715e-02,2.326624847534413537e-02,9.701167450775396300e-03,3.421763373410001419e-02,2.508276703258406973e-02,6.130859034675030517e-02,3.577278271475866495e-02,6.303362955218679183e-03,4.391444502526572341e-02,2.866353023174768831e-03,5.781930649939012040e-02,1.682348841261543590e-02,2.722599756055062506e-02,6.014549573096357460e-02,8.070221292908173749e-02,4.841000174246383458e-02,1.366091653598187905e-02,2.675553232270430626e-02,1.567607597142359199e-01,2.999651507231224784e-02,3.259714235929604687e-02,9.871057675553232200e-03,4.275135040947899978e-02,1.617006447116222170e-02,4.264680257884649259e-03
2.335201182971437597e-02,3.443069499571950465e-02,1.172464783251614927e-02,1.774846291540197601e-02,7.755467351544867265e-03,2.490466184138843270e-02,2.246478325161491846e-02,1.481827379562611867e-02,3.244610475523386495e-02,1.290372791656938488e-02,6.249513580823410491e-02,3.106856564713206953e-02,1.163125535061094312e-02,4.754066464316288737e-02,4.136508677718109608e-03,4.508911199315120827e-02,2.617713440734687966e-02,3.626352245310918848e-02,5.309751731652269380e-02,1.565880613277297745e-02,1.137559343139543933e-01,1.059226398941551586e-02,1.502840687991283466e-02,1.707603704568449177e-01,2.219627986613744580e-02,5.092614211222662446e-02,1.093081173632189269e-02,1.814538096349910604e-02,3.464082808000622238e-02,1.731652268659039651e-02
3.276994331536015742e-02,4.140743813078943264e-02,1.289229918429420953e-02,1.878197151942485876e-02,9.200884833402461077e-03,2.339623945803953955e-02,1.215609014240287382e-02,1.531867828010507505e-02,2.486865754182220403e-02,1.196944559657127025e-02,7.417392506567122012e-02,3.832780312456794680e-02,2.046177243190930306e-02,6.329669570026269509e-02,4.814738006359739822e-03,4.191552606110880014e-02,2.309553435642195535e-02,3.241739250656712479e-02,7.065878611917600360e-02,6.629337757500346207e-03,1.136077699433153676e-01,2.029586616894787920e-02,1.884418636803539618e-02,1.302295036637632908e-01,2.457832158163970881e-02,4.103414903912622896e-02,1.761025853725978196e-02,1.763099682012996341e-02,2.177865339416563267e-02,1.583713535185953328e-02
2.133471645919779100e-02,1.048150069156293142e-02,2.601573305670816169e-02,1.594052558782849127e-02,1.157071230982019069e-02,2.525069156293223080e-02,1.661479944674965764e-02,2.456345089903181483e-02,1.920816044260027430e-02,1.336013139695712247e-02,6.630359612724757989e-02,3.522216459197786975e-02,1.927299446749653963e-02,4.057745504840939293e-02,1.402143845089903230e-02,6.007952973720608048e-02,2.036220608575380411e-02,3.330307745504840211e-02,5.554114799446750045e-02,9.210753803596125749e-03,1.049317081604426161e-01,1.342496542185338780e-02,2.434301521438451271e-02,1.673279737206085360e-01,2.534145919778699879e-02,4.162776625172890516e-02,1.297112724757952876e-02,4.186116874135545340e-02,1.805411479944674796e-02,1.188191562932226775e-02
2.867000799012129827e-02,4.159221326360136584e-02,1.597661073581753757e-02,2.629476283867217962e-02,4.078593738650395338e-03,3.199317207815791791e-02,2.023679814048085987e-02,3.481513764799883115e-02,4.461029999273625340e-02,1.737125009079683313e-02,6.396092104307402049e-02,2.605505919953511954e-02,2.479116728408513326e-02,3.555603980533159070e-02,7.840851311106269983e-02,4.580881818842159198e-02,1.738214571075761064e-02,2.966150940655189541e-02,4.815137647998837117e-02,8.513111062686134350e-03,3.869397835403502045e-02,1.260986416793782004e-02,1.448391080119125138e-02,1.591886395002542198e-01,2.734074235490666083e-02,4.238759352073799558e-02,1.007118471707706825e-02,1.629258371468003327e-02,2.738432483474976392e-02,7.619670225902520910e-03
4.098610083066040605e-02,5.928119088740849835e-02,1.709022123529895659e-02,3.031499300929353310e-02,7.319680894810429161e-03,4.308331277243194340e-02,1.964388518792663935e-02,3.304136853359650877e-02,2.880993502755160862e-02,1.301916276009540407e-02,4.777119828933300283e-02,3.713710009046796573e-02,2.146969323135126256e-02,3.865449461304383549e-02,1.207665104038161130e-01,3.253557035940456144e-02,1.667077884694465051e-02,2.951311785508676719e-02,4.693231351262439066e-02,7.245661649806727118e-03,8.269594539024590490e-03,1.179784521753433901e-02,2.271568385558022860e-02,1.563080845464265012e-01,3.038901225429723255e-02,3.420100337198783008e-02,8.146229130685087375e-03,1.092195081832387539e-02,1.864462538037667955e-02,7.319680894810426559e-03
3.553316540722082501e-02,1.965155331654072635e-02,2.563392107472711734e-02,1.616288832913518117e-02,1.018052057094878324e-02,3.604953820319058838e-02,1.535684298908480093e-02,3.097397145256087364e-02,1.918555835432409623e-02,3.018052057094877672e-02,6.452560873215784643e-02,3.943744752308984275e-02,2.268681780016792646e-02,3.193115029387069703e-02,1.219185558354324295e-01,4.104953820319059282e-02,1.693115029387069759e-02,3.516792611251049611e-02,5.143996641477749376e-02,3.492863140218303679e-03,8.215785054575985846e-03,3.858102434928631277e-03,3.757346767422334310e-02,1.391099916036943607e-01,2.910999160369437400e-02,3.613769941225861843e-02,1.650293870696893303e-02,4.007976490344248438e-02,1.422334172963895735e-02,7.699412258606213796e-03
2.904249757263425297e-02,4.563447606243931781e-02,1.883635820449622994e-02,3.938307565912316233e-02,7.341847785495556056e-03,3.568601090447382634e-02,2.060646799611621366e-02,3.105907834789753408e-02,2.254462618567480703e-02,1.480319665396967813e-02,4.521995668085741771e-02,5.023900216595712787e-02,2.188363582044962341e-02,2.518858764657554844e-02,1.155202031518410832e-01,3.990962730599745961e-02,2.246620359997012623e-02,1.454552244379714657e-02,4.599297931137501239e-02,1.429905146015386132e-02,4.339383075659122672e-03,1.228247068489058194e-02,2.087534543281798632e-02,1.527149152289192791e-01,2.120023900216596105e-02,2.932257823586525980e-02,2.992755246844424136e-02,2.621928448726567121e-02,2.177160355515721929e-02,2.114422286951975899e-02
3.917962729438138891e-02,4.657769370884125293e-02,1.753187613843351644e-02,2.481434776516743684e-02,7.075802157769371312e-03,3.951590304049320407e-02,1.676474709261594614e-02,4.015692868151884282e-02,2.661132128345243195e-02,1.311825697071598851e-02,4.257391060669748345e-02,3.478702536079585073e-02,2.396314978282191449e-02,3.045747512960627484e-02,9.402409976180468865e-02,4.615734902620148572e-02,1.909766008126664166e-02,3.279038811825697036e-02,3.605856802578114029e-02,3.630026621829900157e-02,3.555415440661342189e-03,1.619728177105226458e-02,2.080005604595768637e-02,1.703692027462518910e-01,2.983746672271262584e-02,3.593246462098920874e-02,1.076432674793330498e-02,1.403250665545747664e-02,2.152515062351128064e-02,9.429732380552049639e-03
4.255649717514124047e-02,1.512005649717514111e-02,1.729166666666667046e-02,1.999293785310734400e-02,6.179378531073445764e-03,4.161370056497175340e-02,1.764124293785310910e-02,2.935734463276835557e-02,1.611581920903954954e-02,2.109463276836158127e-02,6.082980225988702389e-02,3.785310734463276372e-02,2.756709039548022044e-02,1.691031073446327276e-02,2.431497175141243000e-02,5.895480225988699446e-02,2.230225988700564738e-02,1.941031073446327845e-02,4.214336158192090454e-02,9.687853107344632231e-02,1.656073446327683673e-03,1.263064971751412524e-02,2.875353107344633119e-02,1.733298022598869781e-01,2.455861581920903633e-02,3.883827683615818926e-02,2.013064971751412496e-02,3.659251412429378320e-02,2.014124293785311132e-02,9.240819209039546900e-03
2.729306487695749503e-02,4.087168424416746243e-02,1.043064876957494440e-02,2.543544263342921094e-02,4.558165548098434133e-03,3.694071588366890091e-02,2.083333333333333565e-02,3.093640140620006543e-02,3.417225950782996902e-02,1.200063918184723216e-02,3.058884627676574167e-02,6.119766698625759421e-02,2.610658357302653165e-02,1.878395653563438850e-02,2.484819431128155835e-03,4.992010226909555232e-02,1.717801214445510011e-02,1.185682326621923834e-02,3.420821348673697138e-02,1.280361137743687983e-01,3.731224033237456189e-03,8.812719718759987400e-03,1.976669862575902714e-02,2.107422499201022370e-01,2.241530840524129375e-02,3.636545222115691173e-02,2.651406200063918112e-02,1.510466602748482268e-02,2.283477149248961530e-02,9.879354426334290701e-03
1.494330050731124994e-02,4.773202029245001560e-02,1.007535064159952379e-02,4.360265592360489106e-02,5.655028349746344177e-03,3.890256639809012984e-02,1.894956729334527218e-02,1.414876156371232610e-02,3.194195762458967164e-02,1.543569083855565391e-02,5.469262906595047380e-02,2.200462548492987391e-02,2.356013130408833242e-02,2.264249477767830629e-02,1.069083855565502658e-02,3.481796478663085059e-02,2.220605789316621934e-02,2.126603998806326362e-02,4.868322888689943090e-02,1.288757087436585846e-01,9.493434795583408428e-03,5.364070426738287364e-03,8.978663085646074876e-03,2.453148313936139024e-01,1.851313040883318523e-02,3.244553864518052999e-02,6.371232467920024019e-03,9.258430319307666898e-03,2.429871680095493577e-02,9.135332736496566339e-03
4.945729791488145954e-02,2.182233647529277856e-02,1.478506141102542068e-02,3.550057126535276220e-02,3.881033990288489111e-03,3.273707512139389236e-02,2.010854041702370837e-02,1.450656955155669656e-02,1.670237075121393938e-02,2.335404170237075430e-02,3.798557554984290097e-02,3.634675806912310292e-02,4.294487289345901015e-02,2.632105112824907264e-02,5.337760639817196173e-03,4.187375035704084258e-02,1.961582405027135351e-02,2.792773493287632400e-02,3.613253356183947218e-02,6.232147957726365262e-02,5.181376749500142542e-02,1.959440159954298905e-02,3.159097400742644918e-02,1.937696372465009809e-01,2.545344187375036052e-02,3.638960297057983878e-02,1.766638103399029158e-02,3.457940588403313198e-02,9.729363039131676619e-03,9.750785489860039346e-03
3.168592738300139017e-02,4.508646832226866075e-02,9.433652979263993515e-03,2.852635029915580669e-02,6.581427751823620657e-03,4.472994016883861945e-02,1.838373903778378962e-02,2.053520203262027694e-02,2.831735103680026525e-02,1.408081304811080979e-02,2.898123104663551802e-02,5.206950249979509782e-02,1.983443980001639226e-02,2.062126055241373865e-02,1.368740267191213833e-03,4.447176460945824472e-02,2.358413244815999246e-02,1.985902794852880543e-02,4.394311941644127306e-02,1.062617818211622142e-02,1.212359642652241776e-01,7.368248504220964445e-03,1.200311449881157067e-02,2.114375870830259851e-01,1.542086714203753581e-02,4.347594459470534300e-02,3.818949266453569580e-02,1.329399229571346687e-02,1.631833456274076055e-02,8.536185558560772241e-03
3.184367715617715533e-02,6.498397435897437791e-02,1.068983100233100378e-02,2.490530303030303108e-02,8.034673659673660304e-03,4.963213869463869304e-02,1.867715617715617893e-02,4.424533799533798828e-02,2.535329254079254219e-02,1.769376456876457088e-02,3.827942890442890406e-02,2.677374708624708638e-02,2.400932400932400887e-02,3.015005827505827865e-02,6.909236596736596792e-03,3.103511072261071549e-02,1.837121212121212502e-02,2.373615967365967291e-02,3.714306526806526731e-02,1.719114219114219275e-03,1.589634324009324140e-01,8.111159673659674649e-03,1.185897435897435674e-02,2.047785547785547777e-01,2.279647435897435778e-02,1.089743589743589688e-02,1.811990093240093552e-02,9.804778554778554797e-03,9.673659673659674302e-03,1.081002331002331104e-02
